date,cases,daily_cases
1/22/20,0,
1/23/20,0,0.0
1/24/20,0,0.0
1/25/20,0,0.0
1/26/20,0,0.0
1/27/20,0,0.0
1/28/20,0,0.0
1/29/20,0,0.0
1/30/20,0,0.0
1/31/20,0,0.0
2/1/20,0,0.0
2/2/20,0,0.0
2/3/20,0,0.0
2/4/20,0,0.0
2/5/20,0,0.0
2/6/20,0,0.0
2/7/20,0,0.0
2/8/20,0,0.0
2/9/20,0,0.0
2/10/20,0,0.0
2/11/20,0,0.0
2/12/20,0,0.0
2/13/20,0,0.0
2/14/20,0,0.0
2/15/20,0,0.0
2/16/20,0,0.0
2/17/20,0,0.0
2/18/20,0,0.0
2/19/20,0,0.0
2/20/20,0,0.0
2/21/20,0,0.0
2/22/20,0,0.0
2/23/20,0,0.0
2/24/20,0,0.0
2/25/20,0,0.0
2/26/20,0,0.0
2/27/20,0,0.0
2/28/20,0,0.0
2/29/20,0,0.0
3/1/20,0,0.0
3/2/20,0,0.0
3/3/20,0,0.0
3/4/20,1,1.0
3/5/20,1,0.0
3/6/20,5,4.0
3/7/20,5,0.0
3/8/20,11,6.0
3/9/20,16,5.0
3/10/20,22,6.0
3/11/20,31,9.0
3/12/20,49,18.0
3/13/20,68,19.0
3/14/20,103,35.0
3/15/20,119,16.0
3/16/20,177,58.0
3/17/20,238,61.0
3/18/20,251,13.0
3/19/20,355,104.0
3/20/20,425,70.0
3/21/20,536,111.0
3/22/20,634,98.0
3/23/20,749,115.0
3/24/20,901,152.0
3/25/20,1051,150.0
3/26/20,1221,170.0
3/27/20,1389,168.0
3/28/20,1638,249.0
3/29/20,1862,224.0
3/30/20,2055,193.0
3/31/20,2311,256.0
4/1/20,2554,243.0
4/2/20,2946,392.0
4/3/20,3383,437.0
4/4/20,3627,244.0
4/5/20,4102,475.0
4/6/20,4413,311.0
4/7/20,4848,435.0
4/8/20,5205,357.0
4/9/20,5575,370.0
4/10/20,5955,380.0
4/11/20,6356,401.0
4/12/20,6674,318.0
4/13/20,6934,260.0
4/14/20,7202,268.0
4/15/20,7582,380.0
4/16/20,7918,336.0
4/17/20,8379,461.0
4/18/20,8742,363.0
4/19/20,9287,545.0
4/20/20,9593,306.0
4/21/20,9856,263.0
4/22/20,10169,313.0
4/23/20,10511,342.0
4/24/20,10892,381.0
4/25/20,11273,381.0
4/26/20,11617,344.0
4/27/20,11902,285.0
4/28/20,12218,316.0
4/29/20,12640,422.0
4/30/20,12877,237.0
5/1/20,13105,228.0
5/2/20,13375,270.0
5/3/20,13693,318.0
5/4/20,14006,313.0
5/5/20,14431,425.0
5/6/20,14740,309.0
5/7/20,15047,307.0
5/8/20,15366,319.0
5/9/20,15651,285.0
5/10/20,15996,345.0
5/11/20,16326,330.0
5/12/20,16921,595.0
5/13/20,17204,283.0
5/14/20,17615,411.0
5/15/20,18016,401.0
5/16/20,18257,241.0
5/17/20,18529,272.0
5/18/20,18885,356.0
5/19/20,19268,383.0
5/20/20,19739,471.0
5/21/20,20143,404.0
5/22/20,20619,476.0
5/23/20,20931,312.0
5/24/20,21326,395.0
5/25/20,21631,305.0
5/26/20,22074,443.0
5/27/20,22473,399.0
5/28/20,22825,352.0
5/29/20,23155,330.0
5/30/20,23571,416.0
5/31/20,23786,215.0
6/1/20,24165,379.0
6/2/20,24395,230.0
6/3/20,24687,292.0
6/4/20,25048,361.0
6/5/20,25410,362.0
6/6/20,25986,576.0
6/7/20,26561,575.0
6/8/20,27160,599.0
6/9/20,27560,400.0
6/10/20,27842,282.0
6/11/20,28201,359.0
6/12/20,28577,376.0
6/13/20,29017,440.0
6/14/20,29392,375.0
6/15/20,29788,396.0
6/16/20,30195,407.0
6/17/20,30701,506.0
6/18/20,31015,314.0
6/19/20,31316,301.0
6/20/20,31620,304.0
6/21/20,31931,311.0
6/22/20,32227,296.0
6/23/20,32527,300.0
6/24/20,32821,294.0
6/25/20,33119,298.0
6/26/20,33395,276.0
6/27/20,33714,319.0
6/28/20,33907,193.0
6/29/20,34154,247.0
6/30/20,34393,239.0
7/1/20,34775,382.0
7/2/20,35146,371.0
7/3/20,35405,259.0
7/4/20,35719,314.0
7/5/20,35950,231.0
7/6/20,36155,205.0
7/7/20,36412,257.0
7/8/20,36689,277.0
7/9/20,36951,262.0
7/10/20,37216,265.0
7/11/20,37521,305.0
7/12/20,37891,370.0
7/13/20,38190,299.0
7/14/20,38457,267.0
7/15/20,38721,264.0
7/16/20,39054,333.0
7/17/20,39407,353.0
7/18/20,39746,339.0
7/19/20,40104,358.0
7/20/20,40383,279.0
7/21/20,40782,399.0
7/22/20,41162,380.0
7/23/20,41580,418.0
7/24/20,42038,458.0
7/25/20,42622,584.0
7/26/20,43065,443.0
7/27/20,43402,337.0
7/28/20,43904,502.0
7/29/20,44416,512.0
7/30/20,45031,615.0
7/31/20,45688,657.0
8/1/20,46346,658.0
8/2/20,46894,548.0
8/3/20,47469,575.0
8/4/20,48149,680.0
8/5/20,48789,640.0
8/6/20,49515,726.0
8/7/20,50324,809.0
8/8/20,51167,843.0
8/9/20,51791,624.0
8/10/20,52410,619.0
8/11/20,52961,551.0
8/12/20,53676,715.0
8/13/20,54487,811.0
8/14/20,55319,832.0
8/15/20,56090,771.0
8/16/20,56684,594.0
8/17/20,57279,595.0
8/18/20,57876,597.0
8/19/20,58611,735.0
8/20/20,59378,767.0
8/21/20,60281,903.0
8/22/20,61181,900.0
8/23/20,61762,581.0
8/24/20,62310,548.0
8/25/20,63073,763.0
8/26/20,63802,729.0
8/27/20,64689,887.0
8/28/20,65480,791.0
8/29/20,66239,759.0
8/30/20,66870,631.0
8/31/20,67372,502.0
9/1/20,67922,550.0
9/2/20,68517,595.0
9/3/20,69129,612.0
9/4/20,69820,691.0
9/5/20,70387,567.0
9/6/20,70824,437.0
9/7/20,71126,302.0
9/8/20,71526,400.0
9/9/20,71947,421.0
9/10/20,72453,506.0
9/11/20,73047,594.0
9/12/20,73650,603.0
9/13/20,74152,502.0
9/14/20,74529,377.0
9/15/20,75134,605.0
9/16/20,75734,600.0
9/17/20,76571,837.0
9/18/20,77328,757.0
9/19/20,78330,1002.0
9/20/20,79240,910.0
9/21/20,79988,748.0
9/22/20,80699,711.0
9/23/20,81673,974.0
9/24/20,82809,1136.0
9/25/20,84396,1587.0
9/26/20,85980,1584.0
9/27/20,87330,1350.0
9/28/20,88636,1306.0
9/29/20,89962,1326.0
9/30/20,91514,1552.0
10/1/20,93481,1967.0
10/2/20,95773,2292.0
10/3/20,98140,2367.0
10/4/20,100074,1934.0
10/5/20,102080,2006.0
10/6/20,104316,2236.0
10/7/20,107319,3003.0
10/8/20,111599,4280.0
10/9/20,116338,4739.0
10/10/20,121638,5300.0
10/11/20,125816,4178.0
10/12/20,130210,4394.0
10/13/20,135278,5068.0
10/14/20,141804,6526.0
10/15/20,149903,8099.0
10/16/20,157608,7705.0
10/17/20,167230,9622.0
10/18/20,175766,8536.0
10/19/20,183248,7482.0
10/20/20,192539,9291.0
10/21/20,202579,10040.0
10/22/20,214686,12107.0
10/23/20,228318,13632.0
10/24/20,241946,13628.0
10/25/20,253688,11742.0
10/26/20,263929,10241.0
10/27/20,280229,16300.0
10/28/20,299049,18820.0
10/29/20,319205,20156.0
10/30/20,340834,21629.0
10/31/20,362731,21897.0
11/1/20,379902,17171.0
11/2/20,395480,15578.0
11/3/20,414844,19364.0
11/4/20,439536,24692.0
11/5/20,466679,27143.0
11/6/20,493765,27086.0
11/7/20,521640,27875.0
11/8/20,546425,24785.0
11/9/20,568138,21713.0
11/10/20,593592,25454.0
11/11/20,618813,25221.0
11/12/20,641496,22683.0
11/13/20,665547,24051.0
11/14/20,691118,25571.0
11/15/20,712972,21854.0
11/16/20,733788,20816.0
11/17/20,752940,19152.0
11/18/20,772823,19883.0
11/19/20,796798,23975.0
11/20/20,819262,22464.0
11/21/20,843475,24213.0
11/22/20,861331,17856.0
11/23/20,876333,15002.0
11/24/20,909066,32733.0
11/25/20,924422,15356.0
11/26/20,941112,16690.0
11/27/20,958416,17304.0
11/28/20,973593,15177.0
11/29/20,985075,11482.0
11/30/20,990811,5736.0
12/1/20,999924,9113.0
12/2/20,1013747,13823.0
12/3/20,1028610,14863.0
12/4/20,1041846,13236.0
12/5/20,1054273,12427.0
12/6/20,1063449,9176.0
12/7/20,1067870,4421.0
12/8/20,1076180,8310.0
12/9/20,1088346,12166.0
12/10/20,1102096,13750.0
12/11/20,1115201,13105.0
12/12/20,1126700,11499.0
12/13/20,1135676,8976.0
12/14/20,1140572,4896.0
12/15/20,1147446,6874.0
12/16/20,1159901,12455.0
12/17/20,1171854,11953.0
12/18/20,1182864,11010.0
12/19/20,1194110,11246.0
12/20/20,1202700,8590.0
12/21/20,1207333,4633.0
12/22/20,1214525,7192.0
12/23/20,1226883,12358.0
12/24/20,1239998,13115.0
12/25/20,1249079,9081.0
12/26/20,1253957,4878.0
12/27/20,1257799,3842.0
12/28/20,1261010,3211.0
12/29/20,1268634,7624.0
12/30/20,1281414,12780.0
12/31/20,1294878,13464.0
1/1/21,1305774,10896.0
1/2/21,1312780,7006.0
1/3/21,1318562,5782.0
1/4/21,1322947,4385.0
1/5/21,1330543,7596.0
1/6/21,1344763,14220.0
1/7/21,1356882,12119.0
1/8/21,1365645,8763.0
1/9/21,1376389,10744.0
1/10/21,1385522,9133.0
1/11/21,1390385,4863.0
1/12/21,1395779,5394.0
1/13/21,1404905,9126.0
1/14/21,1414362,9457.0
1/15/21,1422320,7958.0
1/16/21,1429612,7292.0
1/17/21,1435582,5970.0
1/18/21,1438914,3332.0
1/19/21,1443804,4890.0
1/20/21,1450747,6943.0
1/21/21,1457755,7008.0
1/22/21,1464448,6693.0
1/23/21,1470879,6431.0
1/24/21,1475445,4566.0
1/25/21,1478119,2674.0
1/26/21,1482722,4603.0
1/27/21,1489512,6790.0
1/28/21,1496665,7153.0
1/29/21,1502810,6145.0
1/30/21,1508674,5864.0
1/31/21,1513385,4711.0
2/1/21,1515889,2504.0
2/2/21,1520215,4326.0
2/3/21,1527016,6801.0
2/4/21,1533511,6495.0
2/5/21,1539564,6053.0
2/6/21,1545530,5966.0
2/7/21,1550255,4725.0
2/8/21,1552686,2431.0
2/9/21,1556685,3999.0
2/10/21,1563645,6960.0
2/11/21,1570658,7013.0
2/12/21,1577036,6378.0
2/13/21,1583621,6585.0
2/14/21,1588955,5334.0
2/15/21,1591497,2542.0
2/16/21,1596673,5176.0
2/17/21,1605372,8699.0
2/18/21,1614446,9074.0
2/19/21,1623218,8772.0
2/20/21,1631727,8509.0
2/21/21,1638767,7040.0
2/22/21,1642658,3891.0
2/23/21,1648962,6304.0
2/24/21,1661109,12147.0
2/25/21,1673252,12143.0
2/26/21,1684788,11536.0
2/27/21,1696885,12097.0
2/28/21,1706986,10101.0
3/1/21,1711772,4786.0
3/2/21,1719708,7936.0
3/3/21,1735406,15698.0
